molecule_chembl_id,canonical_smiles
CHEMBL3823268,COc1cc(P(C)(C)=O)ccc1Nc1ncc(Cl)c(Nc2ccccc2C(N)=O)n1
CHEMBL3652826,COc1cc(OCCN2CCCC2)ccc1Nc1ncc2c(n1)-c1c(nn(C)c1-c1ccccc1Cl)CC2
CHEMBL3656563,COc1cc(N2CCN(C)CC2)ccc1Nc1ncc2c(n1)-c1c(nn(C)c1-c1ccccc1Cl)CC2C
CHEMBL3656576,COc1cc(N2CCN(C)CC2)ccc1Nc1ncc2c(n1)-c1c(nn(C)c1-c1ccccc1Cl)CC2
CHEMBL3656637,COCCn1ccc(Nc2ncc3c(n2)-c2c(nn(C)c2-c2ccc(Cl)cc2)CC3)n1
CHEMBL3656635,CC(=O)N1CCC(n2cc(Nc3ncc4c(n3)-c3c(nn(C)c3-c3sccc3Cl)CC4)cn2)CC1
CHEMBL3661006,CCOc1cc(N2CCN(C(C)C)CC2)ccc1Nc1ncc2c(n1)-c1c(nn(C)c1Cc1ccccc1)CC2
CHEMBL3660916,COc1cc(C(=O)N[C@H]2CC[C@H](N3CCOCC3)CC2)ccc1Nc1ncc2c(n1)-c1c(nn(C)c1-c1ccccc1Cl)CC2
CHEMBL3660996,COc1cc(C(=O)NC2CCN(C)CC2)ccc1Nc1ncc2c(n1)-c1c(nn(C)c1-c1sccc1Cl)CC2
CHEMBL476259,CCCN1CCC(c2ccc(Nc3nc(Nc4cc(F)ccc4C(N)=O)c4cc[nH]c4n3)c(OC)c2)CC1
CHEMBL3656608,COc1ccc(-c2c3c(nn2C)CCc2cnc(Nc4ccc(N5CCN(C)CC5)cc4OC)nc2-3)c(Cl)c1
CHEMBL3639555,Cn1cc(Nc2ncc3c(n2)-c2c(nn(C)c2-c2sccc2Cl)CC3)cn1
CHEMBL3656638,CCn1ccc(Nc2ncc3c(n2)-c2c(nn(C)c2-c2sccc2C)CC3)n1
CHEMBL3661005,CCOc1cc(N2CCN(C)CC2)ccc1Nc1ncc2c(n1)-c1c(nn(C)c1Cc1ccccc1)CC2
CHEMBL509032,COc1cc(N2CCC(N3CCN(C)CC3)CC2)ccc1Nc1ncc(Cl)c(Nc2ccccc2S(=O)(=O)C(C)C)n1
CHEMBL3823256,COc1cc(P(C)(C)=O)ccc1Nc1ncc(Cl)c(Nc2ccccc2S(C)(=O)=O)n1
CHEMBL3656639,Cn1nc2c(c1-c1sccc1Cl)-c1nc(Nc3ccccc3)ncc1CC2
CHEMBL3656641,COc1ccc(-c2c3c(nn2C)CCc2cnc(Nc4cnn(C5CCN(C(C)=O)CC5)c4)nc2-3)cc1
CHEMBL3656609,COc1ccc(-c2c3c(nn2C)CCc2cnc(Nc4ccc(C(=O)NC5CCN(C)CC5)cc4OC)nc2-3)c(Cl)c1
CHEMBL3660997,COc1cc(C(=O)NC2CCN(C)CC2)ccc1Nc1ncc2c(n1)-c1c(nn(C)c1Cc1ccccc1Cl)CC2
CHEMBL477069,CCCN1CCCC(c2ccc(Nc3nc(Nc4cc(F)ccc4C(N)=O)c4cc[nH]c4n3)c(OC)c2)C1
CHEMBL3656640,CN(C)C1CCN(CCn2ccc(Nc3ncc4c(n3)-c3c(nn(C)c3-c3ccccc3)CC4)n2)CC1
CHEMBL3661004,CCOc1cc(N2CCN(C3CCOCC3)CC2)ccc1Nc1ncc2c(n1)-c1c(nn(C)c1Cc1ccccc1)CC2
CHEMBL3824326,COc1cc(P(C)(C)=O)ccc1Nc1ncc(Cl)c(Nc2ccccc2C(C)=O)n1
CHEMBL475073,COc1cc(N2CCN(C(C)C)CC2)ccc1Nc1nc(Nc2cc(F)c(F)cc2C(N)=O)c2cc[nH]c2n1
CHEMBL3656606,COc1ccc(-c2c3c(nn2C)CCc2cnc(Nc4ccc(OCCN5CCCC5)cc4OC)nc2-3)c(Cl)c1
CHEMBL3656643,CC(=O)N1CCC(n2cc(Nc3ncc4c(n3)-c3c(nn(C)c3Cc3ccccc3C)CC4)cn2)CC1
CHEMBL3656642,CN(C)CCn1ccc(Nc2ncc3c(n2)-c2c(nn(C)c2-c2sccc2Cl)CC3)n1
CHEMBL3661009,COc1cc(N2CCN(C(C)C)CC2)ccc1Nc1ncc2c(n1)-c1c(nn(C)c1Cc1cccc(Cl)c1)CC2
CHEMBL3660915,COc1cc(C(=O)NC2CCN(CCO)CC2)ccc1Nc1ncc2c(n1)-c1c(nn(C)c1-c1ccccc1Cl)CC2
CHEMBL3660954,CCOc1cc(C(=O)NC2CN(C)C2)ccc1Nc1ncc2c(n1)-c1c(nn(C)c1Cc1ccccc1)CC2
CHEMBL514868,CCCN1CCC=C(c2ccc(Nc3nc(Nc4ccccc4C(N)=O)c4cc[nH]c4n3)c(OC)c2)C1
CHEMBL3656645,COCCn1ccc(Nc2ncc3c(n2)-c2c(nn(C)c2-c2sccc2Cl)CC3)n1
CHEMBL3656632,Cn1nc2c(c1-c1ccccc1)-c1nc(Nc3ccn(CCN4CCN(CCO)CC4)n3)ncc1CC2
CHEMBL3656644,CC(=O)N1CCC(n2cc(Nc3ncc4c(n3)-c3c(nn(C)c3-c3sccc3C)CC4)cn2)CC1
CHEMBL3656647,Cn1nc2c(c1-c1ccccc1)-c1nc(Nc3ccn(CCN4CCNCC4)n3)ncc1CC2
CHEMBL3656633,COCCN1CCN(CCn2ccc(Nc3ncc4c(n3)-c3c(nn(C)c3-c3ccccc3)CC4)n2)CC1
CHEMBL3656646,CCn1ccc(Nc2ncc3c(n2)-c2c(nn(C)c2-c2sccc2Cl)CC3)n1
CHEMBL3037909,CCOc1cc(-c2ccccc2)nc2cc(-c3nc([C@H]4C[C@@](C)(O)C4)n4ccnc(N)c34)ccc12
CHEMBL3661002,CCOc1cc(N2CCNCC2)ccc1Nc1ncc2c(n1)-c1c(nn(C)c1Cc1ccccc1)CC2
CHEMBL3652847,COc1cc(N2CCN(C)CC2)ccc1Nc1ncc2c(n1)-c1c(nn(C)c1[C@@H](C)c1ccccc1)CC2
CHEMBL3037908,COc1cc(-c2ccccc2)nc2cc(-c3nc([C@H]4C[C@@](C)(O)C4)n4ccnc(N)c34)ccc12
CHEMBL3656648,COCCn1cc(Nc2ncc3c(n2)-c2c(nn(C)c2-c2sccc2Cl)CC3)cn1
CHEMBL3660913,COc1cc(C(=O)NCCCN(C)C)ccc1Nc1ncc2c(n1)-c1c(nn(C)c1-c1ccccc1Cl)CC2
CHEMBL3822475,COc1cc(N2CCC(N3CCN(C)CC3)CC2)ccc1Nc1ncc(Cl)c(Nc2ccccc2S(C)(=O)=O)n1
CHEMBL458865,COc1cc(N2CCN(C(C)C)CC2)ccc1Nc1nc(Nc2ccc(F)cc2C(N)=O)c2cc[nH]c2n1
CHEMBL3656562,COc1cc(OCCN2CCCC2)ccc1Nc1ncc2c(n1)-c1c(nn(C)c1-c1ccccc1Cl)CC2C
CHEMBL464971,COc1cc(N2CCN(C(C)C)CC2)ccc1Nc1nc(Nc2cc(F)cc(F)c2C(N)=O)c2cc[nH]c2n1
CHEMBL476044,CCCN1CCC=C(c2ccc(Nc3nc(Nc4cc(F)ccc4C(N)=O)c4cc[nH]c4n3)c(OC)c2)C1
CHEMBL459069,COc1cc(N2CCN(C(C)C)CC2)ccc1Nc1nc(Nc2cc(F)ccc2C(N)=O)c2cc[nH]c2n1
CHEMBL3660980,COc1cc(C(=O)NC2CN(C)C2)ccc1Nc1ncc2c(n1)-c1c(nn(C)c1-c1ccccc1Cl)CC2
CHEMBL3656578,COc1cc(C(=O)NC2CCN(C)CC2)ccc1Nc1ncc2c(n1)-c1c(nn(C)c1-c1ccccc1Cl)CC2
CHEMBL3656544,COc1cc(N2CCN(C)CC2)ccc1Nc1ncc2c(n1)-c1c(nn(C)c1-c1ccccc1C)CC2
CHEMBL3639546,O=C(Nc1cccnc1)[C@@H]1C[C@H](O)CN1c1nc(Nc2cc(C3CC3)n[nH]2)c2cccn2n1
CHEMBL3656542,COc1cc(OCCN2CCCC2)ccc1Nc1ncc2c(n1)-c1c(nn(C)c1-c1ccccc1C)CC2
CHEMBL3660977,COc1cc(C(=O)NCCN(C)C)ccc1Nc1ncc2c(n1)-c1c(nn(C)c1-c1ccccc1Cl)CC2
CHEMBL514828,COc1cc(N2CCN(C(C)C)CC2)ccc1Nc1nc(Nc2ccccc2C(N)=O)c2cc[nH]c2n1
CHEMBL3655756,CC1(c2cc(Nc3nc(N4C[C@@H](O)C[C@H]4C(=O)Nc4ncns4)nn4cccc34)[nH]n2)CC1
CHEMBL3656612,COc1cc(OCCN2CCCC2)ccc1Nc1ncc2c(n1)-c1c(nn(C)c1-c1cccc(C)c1Cl)CC2
CHEMBL3656619,COc1cc(N2CCN(C)CC2)ccc1Nc1ncc2c(n1)-c1c(nn(C)c1-c1ccc(F)cc1Cl)CC2
CHEMBL3660932,COc1cc(C(=O)NC2CC(N3CCN(C)CC3)C2)ccc1Nc1ncc2c(n1)-c1c(nn(C)c1-c1ccccc1Cl)CC2
CHEMBL3656559,COc1cc(N2CCN(C)CC2)ccc1Nc1ncc2c(n1)-c1c(nn(C)c1-c1ccc(C)cc1C)CC2
CHEMBL3660919,COc1cc(C(=O)NC2CC(N3CCCC3)C2)ccc1Nc1ncc2c(n1)-c1c(nn(C)c1-c1ccccc1Cl)CC2
CHEMBL3656649,Cc1ccsc1-c1c2c(nn1C)CCc1cnc(Nc3cnn(C)c3)nc1-2
CHEMBL3652849,COc1cc(N2CCN(C)CC2)ccc1Nc1ncc2c(n1)-c1c(nn(C)c1Cc1ccccc1)CC2
CHEMBL3660934,COc1cc(C(=O)NC2CCN(C(C)(C)C)CC2)ccc1Nc1ncc2c(n1)-c1c(nn(C)c1-c1ccccc1Cl)CC2C
CHEMBL3656623,COc1cc(C(=O)NC2CCN(C)CC2)ccc1Nc1ncc2c(n1)-c1c(nn(C)c1-c1ccccc1Cl)CC2C
CHEMBL3660942,COc1cc(C(=O)NC2CN(C)C2)ccc1Nc1ncc2c(n1)-c1c(nn(C)c1-c1ccccc1Cl)CC2C
CHEMBL3660923,COc1cc(C(=O)N[C@H]2CCCN(C3CCOCC3)C2)ccc1Nc1ncc2c(n1)-c1c(nn(C)c1-c1ccccc1Cl)CC2
CHEMBL3655752,CO[C@H]1C[C@@H](C(=O)Nc2ccc(F)nc2)N(c2nc(Nc3cc(C4CC4)n[nH]3)c3cccn3n2)C1
CHEMBL3661008,COc1cc(N2CCN(C3CCN(C(C)=O)CC3)CC2)ccc1Nc1ncc2c(n1)-c1c(nn(C)c1Cc1cccc(Cl)c1)CC2
CHEMBL3661012,CC(=O)N1CCC(N2CCC(n3cc(Nc4ncc5c(n4)-c4c(nn(C)c4Cc4ccccc4Cl)CC5C)cn3)CC2)CC1
CHEMBL3660914,COc1cc(C(=O)NC2CCN(C3CCOCC3)CC2)ccc1Nc1ncc2c(n1)-c1c(nn(C)c1-c1ccccc1Cl)CC2
CHEMBL3656651,CC(=O)N1CCC(n2cc(Nc3ncc4c(n3)-c3c(nn(C)c3-c3ccccc3)CC4C)cn2)CC1
CHEMBL3656650,CN1CCN(CCn2ccc(Nc3ncc4c(n3)-c3c(nn(C)c3-c3ccccc3)CC4)n2)CC1
CHEMBL3652841,CC1Cc2nn(C)c(-c3ccccc3Cl)c2-c2nc(Nc3ccn(C)n3)ncc21
CHEMBL3660936,CCN1CCC(NC(=O)c2ccc(Nc3ncc4c(n3)-c3c(nn(C)c3-c3ccccc3Cl)CC4C)c(OC)c2)CC1
CHEMBL3660925,COc1cc(C(=O)NCC2CCN(C)CC2)ccc1Nc1ncc2c(n1)-c1c(nn(C)c1-c1ccccc1Cl)CC2
CHEMBL3660937,COCCN1CCC(NC(=O)c2ccc(Nc3ncc4c(n3)-c3c(nn(C)c3-c3ccccc3Cl)CC4C)c(OC)c2)CC1
CHEMBL3656614,COc1cc(N2CCN(C)CC2)ccc1Nc1ncc2c(n1)-c1c(nn(C)c1-c1cccc(C)c1Cl)CC2
CHEMBL3661011,CC1Cc2nn(C)c(Cc3ccccc3Cl)c2-c2nc(Nc3cnn(C4CCN(C5CCOCC5)CC4)c3)ncc21
CHEMBL3656634,COCCn1ccc(Nc2ncc3c(n2)-c2c(nn(C)c2-c2ccccc2)C[C@H]3C)n1
CHEMBL3661013,CC1Cc2nn(C)c(Cc3ccccc3Cl)c2-c2nc(Nc3cnn(C4CCN(CCO)CC4)c3)ncc21
CHEMBL3660939,COc1cc(C(=O)NC2CCN(CCO)CC2)ccc1Nc1ncc2c(n1)-c1c(nn(C)c1-c1ccccc1Cl)CC2C
CHEMBL3652864,COc1ccccc1Cc1c2c(nn1C)CCc1cnc(Nc3ccc(N4CCN(C)CC4)cc3OC)nc1-2
CHEMBL3661007,COc1cc(N2CCN(C3CCOCC3)CC2)ccc1Nc1ncc2c(n1)-c1c(nn(C)c1Cc1cccc(Cl)c1)CC2
CHEMBL3652862,COc1ccccc1Cc1c2c(nn1C)CCc1cnc(Nc3ccc(OCCN4CCCC4)cc3OC)nc1-2
CHEMBL3655750,CO[C@@H]1C[C@@H](C(=O)Nc2ccc(F)nc2)N(c2nc(Nc3cc(C4CC4)n[nH]3)c3cccn3n2)C1
CHEMBL3656652,COCCn1ccc(Nc2ncc3c(n2)-c2c(nn(C)c2Cc2ccccc2C)CC3)n1
CHEMBL3660998,COc1cc(C(=O)NC2CCN(C)CC2)ccc1Nc1ncc2c(n1)-c1c(nn(C)c1-c1sccc1C)CC2
CHEMBL3660922,COc1cc(C(=O)NCC(C)(C)CN(C)C)ccc1Nc1ncc2c(n1)-c1c(nn(C)c1-c1ccccc1Cl)CC2
CHEMBL3660926,COc1cc(C(=O)NC2CCN(C(C)(C)C)CC2)ccc1Nc1ncc2c(n1)-c1c(nn(C)c1-c1ccccc1Cl)CC2
CHEMBL3661010,CCN1CCN(c2ccc(Nc3ncc4c(n3)-c3c(nn(C)c3Cc3cccc(Cl)c3)CC4)c(OC)c2)CC1
CHEMBL3660941,COc1cc(C(=O)NC2CCN(C3CCOCC3)CC2)ccc1Nc1ncc2c(n1)-c1c(nn(C)c1-c1ccccc1Cl)CC2C
CHEMBL463932,COc1cc(N2CCN(C(C)C)CC2)ccc1Nc1nc(Nc2ccc(F)c(F)c2C(N)=O)c2cc[nH]c2n1
CHEMBL3824301,COc1cc(N2CCC(N3CCN(C)CC3)CC2)ccc1Nc1ncc(Cl)c(Nc2ccccc2C(C)=O)n1
CHEMBL3824246,COc1cc(N2CCC(N3CCN(C)CC3)CC2)ccc1Nc1ncc(Cl)c(Nc2ccccc2C(N)=O)n1
CHEMBL476451,CCCN1CCC=C(c2ccc(Nc3nc(Nc4ccccc4C(N)=O)c4cc[nH]c4n3)cc2)C1
CHEMBL1964272,CCCN1CCC=C(c2ccc(Nc3nc(Nc4ccccc4C(N)=O)c4cc[nH]c4n3)c(F)c2)C1
CHEMBL514615,COc1cc(N2CCN(C(C)C)CC2)c(Cl)cc1Nc1nc(Nc2cccc(F)c2C(N)=O)c2cc[nH]c2n1
CHEMBL477950,COc1cc(N2CCOCC2)ccc1Nc1nc(Nc2cc(F)ccc2C(N)=O)c2cc[nH]c2n1
CHEMBL476059,CCCN1CCN(c2ccc(Nc3nc(Nc4cc(F)ccc4C(N)=O)c4cc[nH]c4n3)c(OC)c2)CC1
CHEMBL575448,C[C@@]1(C(=O)Nc2ccc(F)nc2)CCCN1c1nc(Nc2cc(C3CC3)n[nH]2)c2cccn2n1
CHEMBL3824304,COc1cc(P(C)(C)=O)ccc1Nc1ncc(Cl)c(Nc2ccccc2S(=O)(=O)C(C)C)n1
CHEMBL3822672,COc1cc(N2CCC(N3CCN(C)CC3)CC2)ccc1Nc1ncc(Cl)c(Nc2ccccc2S(=O)(=O)N(C)C)n1
CHEMBL507625,COc1cc(N2CCN(C(C)C)CC2)ccc1Nc1nc(Nc2cccc(F)c2C(N)=O)c2cc[nH]c2n1
CHEMBL3652822,Cn1nccc1Nc1ncc2c(n1)-c1c(nn(C)c1-c1ccccc1Cl)CC2
CHEMBL3661015,CCOc1cc(N2CCN(C(=O)N(C)C)CC2)ccc1Nc1ncc2c(n1)-c1c(nn(C)c1Cc1ccccc1)CC2
CHEMBL3660921,COc1cc(C(=O)NC2CCC(N(C)C)CC2)ccc1Nc1ncc2c(n1)-c1c(nn(C)c1-c1ccccc1Cl)CC2
CHEMBL3656621,COc1cc(C(=O)NC2CCN(C)CC2)ccc1Nc1ncc2c(n1)-c1c(nn(C)c1-c1ccc(F)cc1Cl)CC2
CHEMBL3660953,CN1CCC(NC(=O)c2ccc(Nc3ncc4c(n3)-c3c(nn(C)c3Cc3ccccc3)CC4)c(Cl)c2)CC1
CHEMBL3655753,CO[C@H]1C[C@@H](C(=O)Nc2ncns2)N(c2nc(Nc3cc(C4CC4)n[nH]3)c3cccn3n2)C1
CHEMBL3655759,Cc1nnn([C@H]2C[C@@H](C(=O)Nc3ccc(F)nc3)N(c3nc(Nc4cc(C5CC5)n[nH]4)c4cccn4n3)C2)n1
CHEMBL3660963,COc1cc(C(=O)N[C@@H]2CCN(C3CCOCC3)C2)ccc1Nc1ncc2c(n1)-c1c(nn(C)c1-c1ccccc1Cl)CC2
CHEMBL3656657,COCCn1ccc(Nc2ncc3c(n2)-c2c(nn(C)c2Cc2ccccc2Cl)CC3)n1
CHEMBL3660920,COc1cc(C(=O)N[C@@H]2CCN(C3CCN(C)CC3)C2)ccc1Nc1ncc2c(n1)-c1c(nn(C)c1-c1ccccc1Cl)CC2
CHEMBL3660978,COc1cc(C(=O)N[C@H]2CC[C@H](N3CCN(CC4CC4)CC3)CC2)ccc1Nc1ncc2c(n1)-c1c(nn(C)c1-c1ccccc1Cl)CC2
CHEMBL3660924,COc1cc(C(=O)NCCN2CCOCC2)ccc1Nc1ncc2c(n1)-c1c(nn(C)c1-c1ccccc1Cl)CC2
CHEMBL3656658,CN(C)CCn1ccc(Nc2ncc3c(n2)-c2c(nn(C)c2Cc2ccccc2Cl)CC3)n1
CHEMBL3660935,COc1cc(C(=O)NC2CCN(CC3CC3)CC2)ccc1Nc1ncc2c(n1)-c1c(nn(C)c1-c1ccccc1Cl)CC2C
CHEMBL3660938,COc1cc(C(=O)N[C@H]2CC[C@H](N3CCOCC3)CC2)ccc1Nc1ncc2c(n1)-c1c(nn(C)c1-c1ccccc1Cl)CC2C
CHEMBL3656560,COc1cc(C(=O)NC2CCN(C)CC2)ccc1Nc1ncc2c(n1)-c1c(nn(C)c1-c1ccc(C)cc1C)CC2
CHEMBL3660966,COc1cc(C(=O)NC2CN(C)C2)ccc1Nc1ncc2c(n1)-c1c(nn(C)c1-c1ccccc1)CC2
CHEMBL575447,C[C@@]1(C(=O)Nc2cnccn2)CCCN1c1nc(Nc2cc(C3CC3)[nH]n2)c2cccn2n1
CHEMBL3652865,COc1ccccc1Cc1c2c(nn1C)CCc1cnc(Nc3ccc(C(=O)NC4CCN(C)CC4)cc3OC)nc1-2
CHEMBL3656617,COc1cc(OCCN2CCCC2)ccc1Nc1ncc2c(n1)-c1c(nn(C)c1-c1ccc(F)cc1Cl)CC2
CHEMBL3655754,CC1(c2cc(Nc3nc(N4C[C@@H](O)C[C@H]4C(=O)Nc4cnccn4)nn4cccc34)[nH]n2)CC1
CHEMBL3656656,Cn1nc2c(c1-c1ccccc1)-c1nc(Nc3ccn(CCN4CCOCC4)n3)ncc1CC2
CHEMBL3656659,CC1Cc2nn(C)c(-c3ccccc3)c2-c2nc(Nc3ccn(CCN(C)C)n3)ncc21
CHEMBL3652820,Cn1nc2c(c1-c1ccccc1Cl)-c1nc(Nc3ccccc3)ncc1CC2
CHEMBL3656616,COc1cc(C(=O)NC2CCN(C)CC2)ccc1Nc1ncc2c(n1)-c1c(nn(C)c1-c1cccc(C)c1Cl)CC2
CHEMBL3660918,COCCN1CCC(NC(=O)c2ccc(Nc3ncc4c(n3)-c3c(nn(C)c3-c3ccccc3Cl)CC4)c(OC)c2)CC1
CHEMBL3656660,CN(C)CCn1ccc(Nc2ncc3c(n2)-c2c(nn(C)c2Cc2cccc4ccccc24)CC3)n1
CHEMBL3656557,COc1cc(OCCN2CCCC2)ccc1Nc1ncc2c(n1)-c1c(nn(C)c1-c1ccc(C)cc1C)CC2
CHEMBL3656655,COCCn1cc(Nc2ncc3c(n2)-c2c(nn(C)c2-c2sccc2C)CC3)cn1
CHEMBL3652848,COc1cc(C(=O)NC2CCN(C)CC2)ccc1Nc1ncc2c(n1)-c1c(nn(C)c1Cc1ccccc1)CC2
CHEMBL3656653,Cc1ccsc1-c1c2c(nn1C)CCc1cnc(Nc3ccccc3)nc1-2
CHEMBL3661003,CC1Cc2nn(C)c(Cc3ccccc3Cl)c2-c2nc(Nc3cnn(C4CCNCC4)c3)ncc21
CHEMBL3660917,COc1cc(C(=O)NC2CCN(C3CC3)CC2)ccc1Nc1ncc2c(n1)-c1c(nn(C)c1-c1ccccc1Cl)CC2
CHEMBL1091644,C[C@]1(O)C[C@@H](c2nc(-c3ccc4ccc(-c5ccccc5)nc4c3)c3c(N)nccn32)C1
CHEMBL1667943,Nc1nccn2c1c(-c1ccc3ccc(-c4ccccc4)nc3c1F)nc2[C@H]1CC[C@H](C(=O)Nc2nccs2)CC1
CHEMBL3660927,COc1cc(C(=O)NCC(=O)N2CCN(C)CC2)ccc1Nc1ncc2c(n1)-c1c(nn(C)c1-c1ccccc1Cl)CC2
CHEMBL3656545,COc1cc(C(=O)NC2CCN(C)CC2)ccc1Nc1ncc2c(n1)-c1c(nn(C)c1-c1ccccc1C)CC2
CHEMBL475883,COc1cc(N2CCN(C(C)C)CC2)c(F)cc1Nc1nc(Nc2cccc(F)c2C(N)=O)c2cc[nH]c2n1
CHEMBL3652829,CCn1ccc(Nc2ncc3c(n2)-c2c(nn(C)c2-c2ccccc2Cl)CC3)n1
CHEMBL2426277,C=CC(=O)Nc1cc(Nc2ncc(Cl)c(-c3cnn4ccccc34)n2)c(OC)cc1N1CCN(C)CC1
CHEMBL3655757,O=C(Nc1ncns1)[C@@H]1C[C@@H](F)CN1c1nc(Nc2cc(C3CC3)n[nH]2)c2cccn2n1
CHEMBL3660933,COc1cc(C(=O)NC2CC(N3CCOCC3)C2)ccc1Nc1ncc2c(n1)-c1c(nn(C)c1-c1ccccc1Cl)CC2
CHEMBL3652825,COc1cc(N2CCN(C)CC2)ccc1Nc1ncc2c(n1)-c1c(nn(C)c1-c1ccccc1)CC2
CHEMBL3656654,Cc1ccsc1-c1c2c(nn1C)CCc1cnc(Nc3ccn(CCN(C)C)n3)nc1-2
CHEMBL475884,COc1cc(N2CCN(C(C)C)CC2)c(C)cc1Nc1nc(Nc2cccc(F)c2C(N)=O)c2cc[nH]c2n1
CHEMBL3655747,O=C(Nc1cnccn1)[C@@H]1C[C@H](O)CN1c1nc(Nc2cc(C3CC3)n[nH]2)c2cccn2n1
CHEMBL3660943,COc1cc(C(=O)N[C@@H]2CCC(C3CCOCC3)C2)ccc1Nc1ncc2c(n1)-c1c(nn(C)c1-c1ccccc1Cl)CC2C
CHEMBL1760036,COc1cc(Nc2nccc(Nc3ccc4ccccc4c3)n2)cc(OC)c1OC
CHEMBL1738698,COc1cc(Nc2nccc(Nc3cnc4ccccc4c3)n2)ccc1N1CCOCC1
CHEMBL1760035,COc1cc(Nc2nccc(Nc3cnc4ccccc4c3)n2)cc(OC)c1OC
CHEMBL3785376,CC(=O)N1CCN([C@H]2C[C@@H](n3cc(-c4cccc(OCC56CCC(CC5)O6)c4F)c4c(N)ncnc43)C2)CC1
CHEMBL3655761,O=C(Nc1ncns1)[C@@H]1C[C@H](F)CN1c1nc(Nc2cc(C3CC3)n[nH]2)c2cccn2n1
CHEMBL3656668,CN(C)CCn1ccc(Nc2ncc3c(n2)-c2c(nn(C)c2-c2cccc(Cl)c2)CC3)n1
CHEMBL3656662,Cn1nc2c(c1-c1ccccc1)-c1nc(Nc3ccn(CCN4CCCC4)n3)ncc1CC2
CHEMBL3660974,COc1cc(C(=O)NCCCN(C)C)ccc1Nc1ncc2c(n1)-c1c(nn(C)c1-c1ccccc1C)CC2
CHEMBL3660979,COCCNC(=O)c1ccc(Nc2ncc3c(n2)-c2c(nn(C)c2-c2ccccc2Cl)CC3)c(OC)c1
CHEMBL3656636,COc1cc(N2CCN(C)CC2)ccc1Nc1ncc2c(n1)-c1c(nn(C)c1-c1ccsc1)CC2
CHEMBL3652839,CC1Cc2nn(C)c(-c3ccccc3Cl)c2-c2nc(Nc3ccn(C(C)C)n3)ncc21
CHEMBL3656671,COc1cccc(Cc2c3c(nn2C)CCc2cnc(Nc4cnn(CCN(C)C)c4)nc2-3)c1
CHEMBL3656667,CCn1ccc(Nc2ncc3c(n2)-c2c(nn(C)c2-c2cccc(Cl)c2)CC3)n1
CHEMBL4108861,Cc1cc(Nc2ncc3c(n2)-c2c(nn(C)c2-c2ccccc2Cl)CC3C)[n+](C)[nH]1
CHEMBL3656665,CCn1ccc(Nc2ncc3c(n2)-c2c(nn(C)c2Cc2ccccc2)CC3)n1
CHEMBL3652816,COc1cc(N2CCN(C(C)=O)CC2)ccc1Nc1ncc2c(n1)-c1c(nn(C)c1-c1ccccc1Cl)CC2
CHEMBL3655755,O=C(Nc1ncns1)[C@@H]1C[C@H](O)CN1c1nc(Nc2cc(C3CC3)n[nH]2)c2cccn2n1
CHEMBL3656670,CC(=O)N1CCC(n2cc(Nc3ncc4c(n3)-c3c(nn(C)c3-c3ccc(OC(F)F)cc3)CC4)cn2)CC1
CHEMBL3656663,COCCN(C)CCn1ccc(Nc2ncc3c(n2)-c2c(nn(C)c2-c2ccccc2)CC3)n1
CHEMBL3660929,COc1cc(C(=O)NC2CC(N3CCN(CCF)CC3)C2)ccc1Nc1ncc2c(n1)-c1c(nn(C)c1-c1ccccc1Cl)CC2
CHEMBL3660908,COc1cc(C(=O)NC2CC3CC(C)CC(C2)N3)ccc1Nc1ncc2c(n1)-c1c(nn(C)c1-c1ccccc1)CC2
CHEMBL3660907,CCN1CCC(NC(=O)c2ccc(Nc3ncc4c(n3)-c3c(nn(C)c3-c3ccccc3)CC4)c(OC)c2)CC1
CHEMBL3660931,COc1cc(C(=O)NC2CCN(CC3CC3)CC2)ccc1Nc1ncc2c(n1)-c1c(nn(C)c1-c1ccccc1Cl)CC2
CHEMBL3656664,CC(=O)N1CCC(n2cc(Nc3ncc4c(n3)-c3c(nn(C)c3Cc3ccccc3)CC4)cn2)CC1
CHEMBL3656661,COCCn1ccc(Nc2ncc3c(n2)-c2c(nn(C)c2-c2sccc2C)CC3)n1
CHEMBL3660930,COc1cc(C(=O)NC2CCN(Cc3cccnc3)CC2)ccc1Nc1ncc2c(n1)-c1c(nn(C)c1-c1ccccc1Cl)CC2
CHEMBL3656672,COc1ccc(-c2c3c(nn2C)CCc2cnc(Nc4cnn(C)c4)nc2-3)cc1
CHEMBL3656666,CN(C)CCn1ccc(Nc2ncc3c(n2)-c2c(nn(C)c2-c2ccccc2)CC3)n1
CHEMBL3660940,COc1cc(C(=O)N[C@H]2CC[C@H](N3CCN(CC4CC4)CC3)CC2)ccc1Nc1ncc2c(n1)-c1c(nn(C)c1-c1ccccc1Cl)CC2C
CHEMBL3660962,COc1cc(C(=O)NC2CCN(CC(N)=O)CC2)ccc1Nc1ncc2c(n1)-c1c(nn(C)c1-c1ccccc1Cl)CC2
CHEMBL3656669,COCCn1ccc(Nc2ncc3c(n2)-c2c(nn(C)c2-c2ccccc2)CC3C)n1
CHEMBL3660968,COc1cc(C(=O)NCCN(C)C)ccc1Nc1ncc2c(n1)-c1c(nn(C)c1-c1ccccc1C)CC2
CHEMBL473669,CCCN1CCC=C(c2ccc(Nc3nc(Nc4cc(F)ccc4C(N)=O)c4cc[nH]c4n3)c(OC(C)C)c2)C1
CHEMBL475286,COc1cc(N2CCN(C(C)C)CC2)c(OC)cc1Nc1nc(Nc2cccc(F)c2C(N)=O)c2cc[nH]c2n1
CHEMBL3397300,COc1cc(N2CCC(N(C)C)CC2)ccc1Nc1ncc(Cl)c(Nc2ccccc2P(C)(C)=O)n1
CHEMBL515602,CNC(=O)c1cc(F)ccc1Nc1nc(Nc2ccc(N3CCN(C(C)C)CC3)cc2OC)nc2[nH]ccc12
CHEMBL1760041,COc1cc(Nc2nccc(Nc3ccc4ncccc4c3)n2)cc(OC)c1OC
CHEMBL1760058,COc1cc(Nc2nccc(Nc3cnc4ccccc4c3)n2)ccc1OCCCN1CCCCC1
CHEMBL3660903,COc1cc(C(=O)N[C@H]2CN3CCC2CC3)ccc1Nc1ncc2c(n1)-c1c(nn(C)c1-c1ccccc1)CC2
CHEMBL3660975,COc1cc(C(=O)NC2CN(C)C2)ccc1Nc1ncc2c(n1)-c1c(nn(C)c1-c1ccccc1C)CC2
CHEMBL3660959,CN(C)CCNC(=O)c1cc2cccc(Nc3ncc4c(n3)-c3c(nn(C)c3Cc3ccccc3)CC4)c2s1
CHEMBL3656673,CN(C)CCn1ccc(Nc2ncc3c(n2)-c2c(nn(C)c2Cc2ccccc2)CC3)n1
CHEMBL3660928,COc1cc(C(=O)NC2CCN(Cc3ccncc3)CC2)ccc1Nc1ncc2c(n1)-c1c(nn(C)c1-c1ccccc1Cl)CC2
CHEMBL3652840,Cc1cc(Nc2ncc3c(n2)-c2c(nn(C)c2-c2ccccc2Cl)CC3C)nn1C
CHEMBL577385,C[C@@]1(C(=O)Nc2nccs2)CCCN1c1nc(Nc2cc(C3CC3)n[nH]2)c2cccn2n1
CHEMBL3656607,COc1ccc(-c2c3c(nn2C)CCc2cnc(Nc4ccccc4)nc2-3)c(Cl)c1
CHEMBL516816,COc1ccc(N2CCN(C(C)C)CC2)cc1Nc1nc(Nc2cccc(F)c2C(N)=O)c2cc[nH]c2n1
CHEMBL3652850,COc1cc(N2CCN(C)CC2)ccc1Nc1ncc2c(n1)-c1c(nn(C)c1C(C)c1ccccc1)CC2
CHEMBL3660990,COc1cc(C(=O)N[C@@H]2CN3CCC2CC3)ccc1Nc1ncc2c(n1)-c1c(nn(C)c1-c1ccccc1)CC2
CHEMBL564255,CN(C)CCNC(=O)c1ccc(-c2cnc3[nH]cc(-c4cccc(NC(=O)Nc5ccccc5Oc5ccccc5)c4)c3c2)cc1
CHEMBL3652815,CCOc1cc(N2CCN(C(C)=O)CC2)ccc1Nc1ncc2c(n1)-c1c(nn(C)c1Cc1ccccc1)CC2
CHEMBL1667947,Nc1ccccc1NC(=O)[C@H]1CC[C@H](c2nc(-c3ccc4ccc(-c5ccccc5)nc4c3F)c3c(N)nccn32)CC1
CHEMBL3656676,COCCn1cc(Nc2ncc3c(n2)-c2c(nn(C)c2Cc2ccccc2C)CC3)cn1
CHEMBL3660972,COc1cc(C(=O)NC2CCN(C3CCOCC3)CC2)ccc1Nc1ncc2c(n1)-c1c(nn(C)c1-c1ccccc1C)CC2
CHEMBL3656677,Cc1cccc(Cc2c3c(nn2C)CCc2cnc(Nc4ccn(CCN(C)C)n4)nc2-3)c1
CHEMBL3656675,COCCn1ccc(Nc2ncc3c(n2)-c2c(nn(C)c2Cc2cccc(OC(F)F)c2)CC3)n1
CHEMBL2426288,COc1ccc(NC(=O)/C=C/CN(C)C)cc1Nc1ncc(Cl)c(-c2cnn3ccccc23)n1
CHEMBL3656674,Cn1cc(Nc2ncc3c(n2)-c2c(nn(C)c2-c2ccccc2)CC3)cn1
CHEMBL542008,CN(C)CCNC(=O)c1cccc(-c2cnc3[nH]cc(-c4cccc(NC(=O)Nc5ccccc5Oc5ccccc5)c4)c3c2)c1
CHEMBL473254,COc1c(Nc2nc(Nc3cccc(F)c3C(N)=O)c3cc[nH]c3n2)ccc(N2CCN(C(C)C)CC2)c1F
CHEMBL3660905,COc1cc(C(=O)NCCCN(C)C)ccc1Nc1ncc2c(n1)-c1c(nn(C)c1-c1ccccc1)CC2
CHEMBL3656678,CC(=O)N1CCC(n2cc(Nc3ncc4c(n3)-c3c(nn(C)c3Cc3cccc(C)c3)CC4)cn2)CC1
CHEMBL3660969,COc1cc(C(=O)NC2CCN(CCO)CC2)ccc1Nc1ncc2c(n1)-c1c(nn(C)c1-c1ccccc1C)CC2
CHEMBL3656624,COc1cc(C(=O)NC2CCN(C)CC2)ccc1Nc1ncc2c(n1)-c1c(nn(C)c1C(C)C)CC2
CHEMBL3037912,COc1cc(-c2ccccc2)nc2c(F)c(-c3nc([C@H]4C[C@@](C)(O)C4)n4ccnc(N)c34)ccc12
CHEMBL1256435,CN1CCN([C@H]2CC[C@H](n3nc(-c4ccc(Nc5nc6cccc(Cl)c6o5)cc4Cl)c4c(N)ncnc43)CC2)CC1
CHEMBL3787360,Nc1ncnc2c1c(-c1cccc(OCC34CCC(CC3)O4)c1F)cn2[C@H]1C[C@@H](CN2CC[S+]([O-])CC2)C1
CHEMBL3656686,CN(C)CCn1ccc(Nc2ncc3c(n2)-c2c(nn(C)c2-c2ccc(OC(F)F)cc2)CC3)n1
CHEMBL3660909,COCCN1CCC(NC(=O)c2ccc(Nc3ncc4c(n3)-c3c(nn(C)c3-c3ccccc3)CC4)c(OC)c2)CC1
CHEMBL3656690,CN(C)CCn1ccc(Nc2ncc3c(n2)-c2c(nn(C)c2Cc2cccc(Cl)c2)CC3)n1
CHEMBL3037913,CCOc1cc(-c2ccccc2)nc2c(F)c(-c3nc([C@H]4C[C@@](C)(O)C4)n4ccnc(N)c34)ccc12
CHEMBL3655749,O=C(Nc1nccs1)[C@@H]1C[C@@H](O)CN1c1nc(Nc2cc(C3CC3)n[nH]2)c2cccn2n1
CHEMBL3661018,Cc1ccccc1-c1c2c(nn1C)CCc1cnc(Nc3ccc(OC4CCN(C)CC4)cc3Cl)nc1-2
CHEMBL3656688,CCn1ccc(Nc2ncc3c(n2)-c2c(nn(C)c2Cc2cccc(C)c2)CC3)n1
CHEMBL1667941,Nc1nccn2c1c(-c1ccc3ccc(-c4ccccc4)nc3c1F)nc2[C@H]1CC[C@H](C(=O)Nc2nncs2)CC1
CHEMBL3656679,COc1cc(OCCN2CCCC2)ccc1Nc1ncc2c(n1)-c1c(nn(C)c1-c1ccsc1)CC2
CHEMBL3652828,CC1Cc2nn(C)c(-c3ccccc3Cl)c2-c2nc(Nc3ccccc3)ncc21
CHEMBL3822644,Cc1nn(C2CCN(C(=O)[C@@H](C)N)CC2)c(C)c1Nc1ncc(Cl)c(-c2cnn3ccccc23)n1
CHEMBL1667942,Nc1nccn2c1c(-c1ccc3ccc(-c4ccccc4)nc3c1F)nc2[C@H]1CC[C@H](C(=O)Nc2ccn[nH]2)CC1
CHEMBL3656683,CC(C)n1ccc(Nc2ncc3c(n2)-c2c(nn(C)c2Cc2ccccc2Cl)CC3)n1
CHEMBL505983,COc1cc(N2CCN(C(C)C)CC2)ccc1Nc1nc(Nc2ccc(F)cc2C(=O)NCCO)c2cc[nH]c2n1
CHEMBL3660971,COCCN1CCC(NC(=O)c2ccc(Nc3ncc4c(n3)-c3c(nn(C)c3-c3ccccc3C)CC4)c(OC)c2)CC1
CHEMBL3660955,CCOc1cc(C(=O)NC2CCN(C3CC3)CC2)ccc1Nc1ncc2c(n1)-c1c(nn(C)c1Cc1ccccc1)CC2
CHEMBL513897,CCCN1CCC=C(c2ccc(Nc3nc(Nc4ccccc4C(N)=O)c4cc[nH]c4n3)c(C)c2)C1
CHEMBL475074,CNC(=O)c1c(F)cccc1Nc1nc(Nc2ccc(N3CCN(C(C)C)CC3)cc2OC)nc2[nH]ccc12
CHEMBL3652823,COc1cc(OCCN2CCCC2)ccc1Nc1ncc2c(n1)-c1c(nn(C)c1-c1ccccc1)CC2
CHEMBL3656689,COCCn1ccc(Nc2ncc3c(n2)-c2c(nn(C)c2Cc2cccc(C)c2)CC3)n1
CHEMBL3656681,COc1cccc(Cc2c3c(nn2C)CCc2cnc(Nc4ccn(C)n4)nc2-3)c1
CHEMBL3660952,CCOc1cc(C(=O)NC2CCN(C)CC2)ccc1Nc1ncc2c(n1)-c1c(nn(C)c1Cc1ccccc1)CC2
CHEMBL3655751,CC(C)N1CCCC(NC(=O)C2C[C@H](O)CN2c2nc(Nc3cn(C(C)C)cn3)c3cccn3n2)C1
CHEMBL3655758,CC1(c2cc(Nc3nc(N4C[C@H](F)C[C@H]4C(=O)Nc4ncns4)nn4cccc34)[nH]n2)CC1
CHEMBL3656687,Cn1nc2c(c1Cc1ccccc1Cl)-c1nc(Nc3ccn(Cc4ccncc4)n3)ncc1CC2
CHEMBL3661000,COc1cc(C(=O)NC2CCN(C)CC2)ccc1Nc1ncc2c(n1)-c1c(nn(C)c1Cc1c(Cl)cccc1Cl)CC2
CHEMBL3656538,COc1ccc(Cc2c3c(nn2C)CCc2cnc(Nc4ccc(N5CCN(C)CC5)cc4OC)nc2-3)cc1
CHEMBL3660911,COc1cc(C(=O)NC2CCN(C3CC3)CC2)ccc1Nc1ncc2c(n1)-c1c(nn(C)c1-c1ccccc1)CC2
CHEMBL3660910,COc1cc(C(=O)NC2CCN(CCO)CC2)ccc1Nc1ncc2c(n1)-c1c(nn(C)c1-c1ccccc1)CC2
CHEMBL1667945,Nc1nccn2c1c(-c1ccc3ccc(-c4ccccc4)nc3c1F)nc2[C@H]1CC[C@H](C(=O)Nc2ccccn2)CC1
CHEMBL3660999,COc1cc(C(=O)NC2CCN(C)CC2)ccc1Nc1ncc2c(n1)-c1c(nn(C)c1C(C)C)CC2C
CHEMBL3656684,COc1ccccc1Cc1c2c(nn1C)CCc1cnc(Nc3ccn(CCN(C)C)n3)nc1-2
CHEMBL3656685,CCn1ccc(Nc2ncc3c(n2)-c2c(nn(C)c2-c2ccccc2)CC3C)n1
CHEMBL3656680,COc1cc(OCCN2CCCC2)ccc1Nc1ncc2c(n1)-c1c(nn(C)c1C(C)C)CC2C
CHEMBL1667939,CNC(=O)[C@H]1CC[C@H](c2nc(-c3ccc4ccc(-c5ccccc5)nc4c3F)c3c(N)nccn32)CC1
CHEMBL3656682,COCCn1ccc(Nc2ncc3c(n2)-c2c(nn(C)c2Cc2ccccc2)CC3)n1
CHEMBL1760040,COc1cc(Nc2nccc(Nc3cc4ccccc4cn3)n2)cc(OC)c1OC
CHEMBL3656702,Cn1cc(Nc2ncc3c(n2)-c2c(nn(C)c2-c2ccc(Cl)cc2)CC3)cn1
CHEMBL3660967,COc1cc(C(=O)N[C@H]2CC[C@H](N3CCOCC3)CC2)ccc1Nc1ncc2c(n1)-c1c(nn(C)c1-c1ccccc1C)CC2
CHEMBL3660982,CN(C)CCCNC(=O)c1ccc(Nc2ncc3c(n2)-c2c(nn(C)c2-c2ccccc2Cl)CC3)c(Cl)c1
CHEMBL3656700,CN(C)CCn1cc(Nc2ncc3c(n2)-c2c(nn(C)c2-c2ccc(OC(F)F)cc2)CC3)cn1
CHEMBL3823154,Cc1nn(C2CCN(C(=O)CN)CC2)c(C)c1Nc1ncc(Cl)c(-c2cnn3ccccc23)n1
CHEMBL3656697,CC(=O)N1CCC(n2cc(Nc3ncc4c(n3)-c3c(nn(C)c3-c3cccc(C)c3)CC4)cn2)CC1
CHEMBL3660964,COc1cc(C(=O)NC2CCN(Cc3ccccc3)CC2)ccc1Nc1ncc2c(n1)-c1c(nn(C)c1-c1ccccc1Cl)CC2
CHEMBL3660960,Cc1cc(C(=O)NC2CCN(C)CC2)ccc1Nc1ncc2c(n1)-c1c(nn(C)c1-c1ccccc1C)CC2
CHEMBL1667948,Nc1nccn2c1c(-c1ccc3ccc(-c4ccccc4)nc3c1F)nc2[C@H]1CC[C@H](C(=O)Nc2nc3ccccc3[nH]2)CC1
CHEMBL3822989,CC(=O)N1CCC(n2cc(Nc3ncc(Cl)c(-c4cnn5ccccc45)n3)c(C)n2)CC1
CHEMBL3656695,COc1ccccc1Cc1c2c(nn1C)CCc1cnc(Nc3cnn(C4CCN(C(C)=O)CC4)c3)nc1-2
CHEMBL3656692,COCCn1cc(Nc2ncc3c(n2)-c2c(nn(C)c2Cc2ccccc2)CC3)cn1
CHEMBL3656696,CC(=O)N1CCC(n2cc(Nc3ncc4c(n3)-c3c(nn(C)c3-c3cccc(Cl)c3)CC4)cn2)CC1
CHEMBL3660983,Cc1ccccc1-c1c2c(nn1C)CCc1cnc(Nc3ccc(C(=O)NCCN(C)C)cc3Cl)nc1-2
CHEMBL3656694,COCCn1ccc(Nc2ncc3c(n2)-c2c(nn(C)c2-c2ccccc2)CC3)n1
CHEMBL3660946,COc1cc(C(=O)NC2CCN(C)CC2)c(F)cc1Nc1ncc2c(n1)-c1c(nn(C)c1C(C)C)CC2
CHEMBL3656699,COc1ccc(-c2c3c(nn2C)CCc2cnc(Nc4ccn(C)n4)nc2-3)cc1
CHEMBL3656575,Cc1cc(Nc2ncc3c(n2)-c2c(nn(C)c2-c2ccccc2Cl)CC3)nn1C
CHEMBL3656691,CN(C)CCn1cc(Nc2ncc3c(n2)-c2c(nn(C)c2Cc2ccccc2)CC3)cn1
CHEMBL1667940,Nc1nccn2c1c(-c1ccc3ccc(-c4ccccc4)nc3c1F)nc2[C@H]1CC[C@H](C(N)=O)CC1
CHEMBL3353404,C=CC(=O)Nc1cc(Nc2ncc(Cl)c(-c3cnn4ccccc34)n2)c(OC)cc1N(C)CCN(C)C
CHEMBL3822976,CNCC(=O)N1CCC(n2nc(C)c(Nc3ncc(Cl)c(-c4cnn5ccccc45)n3)c2C)CC1
CHEMBL3656693,CC(C)n1ccc(Nc2ncc3c(n2)-c2c(nn(C)c2Cc2ccccc2)CC3)n1
CHEMBL3656698,CN(C)CCn1ccc(Nc2ncc3c(n2)-c2c(nn(C)c2-c2ccc(F)cc2)CC3)n1
CHEMBL3656701,CCn1ccc(Nc2ncc3c(n2)-c2c(nn(C)c2-c2ccc(OC(F)F)cc2)CC3)n1
CHEMBL3823016,COc1cc(N2CCC(N3CCN(C)CC3)CC2)ccc1Nc1ncc(Cl)c(Nc2ccccc2C(=O)N(C)C)n1
CHEMBL3822664,COc1cc(N2CCC(N3CCN(C)CC3)CC2)ccc1Nc1ncc(Cl)c(Nc2ccccc2I)n1
CHEMBL475482,COc1cc(N2CCN(C(C)C)CC2)ccc1Nc1nc(Nc2ccc(F)cc2C(=O)NO)c2cc[nH]c2n1
CHEMBL3353403,C=CC(=O)Nc1cc(Nc2ncc(Cl)c(-c3cnn4ccccc34)n2)c(OC)cc1N1CC[C@@H](N(C)C)C1
CHEMBL1762178,CC(=O)Nc1cc(CN2C(=O)N(c3ccc(SC(F)(F)F)cc3)C(=O)C2(C)C)ccn1
CHEMBL3655739,C[C@@]1(C(=O)Nc2ccncn2)CCCN1c1nc(Nc2cc(C3CC3)[nH]n2)c2cccn2n1
CHEMBL3660988,Cc1ccccc1-c1c2c(nn1C)CCc1cnc(Nc3ccc(C(=O)NC4CN(C)C4)cc3Cl)nc1-2
CHEMBL3660902,COc1cc(C(=O)NCCN(C)C)ccc1Nc1ncc2c(n1)-c1c(nn(C)c1-c1ccccc1)CC2
CHEMBL3656703,Cc1cccc(Cc2c3c(nn2C)CCc2cnc(Nc4cnn(C)c4)nc2-3)c1
CHEMBL3660981,Cc1ccccc1-c1c2c(nn1C)CCc1cnc(Nc3ccc(C(=O)NC4CCN(C)CC4)cc3Cl)nc1-2
CHEMBL3656593,COc1cc(N2CCN(C)CC2)ccc1Nc1ncc2c(n1)-c1c(nn(C)c1C1CCC1)CC2
CHEMBL3661021,Cc1ccccc1-c1c2c(nn1C)CCc1cnc(Nc3ccc(OCCCN4CCCC4)cc3Cl)nc1-2
CHEMBL3661019,Cc1ccccc1-c1c2c(nn1C)CCc1cnc(Nc3ccc(OCCN(C)C)cc3Cl)nc1-2
CHEMBL3660949,COc1cc(C(=O)NC2CCN(C)CC2)c(Cl)cc1Nc1ncc2c(n1)-c1c(nn(C)c1C(C)C)CC2
CHEMBL3656543,Cc1ccccc1-c1c2c(nn1C)CCc1cnc(Nc3ccccc3)nc1-2
CHEMBL3786100,Nc1ncnc2c1c(-c1cc(OCC34CCC(CC3)O4)ccc1F)cn2[C@H]1C[C@@H](CN2CC[S+]([O-])CC2)C1
CHEMBL1256432,CN1CCN([C@H]2CC[C@H](n3nc(-c4ccc(Nc5nc6cccc(Cl)c6o5)c(F)c4)c4c(N)ncnc43)CC2)CC1
CHEMBL3787271,CC(=O)N1CCN([C@H]2C[C@@H](n3cc(-c4cc(OCC56CCC(CC5)O6)ccc4F)c4c(N)ncnc43)C2)CC1
CHEMBL3661020,Cc1ccccc1-c1c2c(nn1C)CCc1cnc(Nc3ccc(OCC(C)(C)N(C)C)cc3Cl)nc1-2
CHEMBL3656708,COCCn1ccc(Nc2ncc3c(n2)-c2c(nn(C)c2Cc2cccc(Cl)c2)CC3)n1
CHEMBL2403108,Cc1cc(Nc2ncc(Cl)c(Nc3ccccc3S(=O)(=O)C(C)C)n2)c(OC(C)C)cc1C1CCNCC1
CHEMBL3656707,CCn1ccc(Nc2ncc3c(n2)-c2c(nn(C)c2Cc2cccc(Cl)c2)CC3)n1
CHEMBL3656704,COCCn1cc(Nc2ncc3c(n2)-c2c(nn(C)c2Cc2ccccc2Cl)CC3)cn1
CHEMBL3656706,CN(C)CCn1cc(Nc2ncc3c(n2)-c2c(nn(C)c2-c2ccc(Cl)cc2)CC3)cn1
CHEMBL1667936,Nc1nccn2c1c(-c1ccc3ccc(-c4ccccc4)nc3c1F)nc2[C@H]1CC[C@H](CO)CC1
CHEMBL3037915,C[C@]1(O)C[C@@H](c2nc(-c3ccc4c(Oc5ccccc5)cc(-c5ccccc5)nc4c3F)c3c(N)nccn32)C1
CHEMBL3824103,Cc1nn(C2CCN(C(=O)[C@H](C)N)CC2)c(C)c1Nc1ncc(Cl)c(-c2cnn3ccccc23)n1
CHEMBL3660947,COc1cc(C(=O)NC2CCN(C)CC2)c(C)cc1Nc1ncc2c(n1)-c1c(nn(C)c1C(C)C)CC2
CHEMBL3660950,COCCN1CCC(NC(=O)c2cc(OC)c(Nc3ncc4c(n3)-c3c(nn(C)c3C(C)C)CC4)cc2Cl)CC1
CHEMBL515909,COc1c(Nc2nc(Nc3cccc(F)c3C(N)=O)c3cc[nH]c3n2)ccc(N2CCN(C(C)C)CC2)c1C
CHEMBL1688361,Nc1ncnn2c1c(-c1ccc3ccc(-c4ccccc4)nc3c1F)nc2[C@H]1C[C@@H](N2CCN(C=O)CC2)C1
CHEMBL3660976,COc1cc(C(=O)NC2CCN(C3CC3)CC2)ccc1Nc1ncc2c(n1)-c1c(nn(C)c1-c1ccccc1C)CC2
CHEMBL3656628,COc1cc(C(=O)NC2CCN(C)CC2)ccc1Nc1ncc2c(n1)-c1c(nn(C)c1C(C)(C)C)CC2
CHEMBL3656709,CC(=O)N1CCC(n2cc(Nc3ncc4c(n3)-c3c(nn(C)c3Cc3cccc(Cl)c3)CC4)cn2)CC1
CHEMBL3661001,COc1cc(C(=O)NC2CCN(C)CC2)ccc1Nc1ncc2c(n1)-c1c(nn(C)c1-c1ccsc1)CC2
CHEMBL3656705,COCCn1ccc(Nc2ncc3c(n2)-c2c(nn(C)c2Cc2ccccc2OC)CC3)n1
CHEMBL3823301,CC(=O)N1CCC(n2ncc(Nc3ncc(Cl)c(-c4cnn5ccccc45)n3)c2C)CC1
CHEMBL3660904,COc1cc(C(=O)NCCN2CCCC2)ccc1Nc1ncc2c(n1)-c1c(nn(C)c1-c1ccccc1)CC2
CHEMBL1667946,Nc1nccn2c1c(-c1ccc3ccc(-c4ccccc4)nc3c1F)nc2[C@H]1CC[C@H](C(=O)Nc2ccncn2)CC1
CHEMBL3823190,COc1cc(C2CCN(C)CC2)ccc1Nc1ncc(Cl)c(Nc2ccccc2P(C)(C)=O)n1
CHEMBL3823045,COc1cc(N2CCC(N3CCN(C)CC3)CC2)ccc1Nc1ncc(Cl)c(Nc2ccccc2OC)n1
CHEMBL3660912,COc1cc(C(=O)NC2CCN(C3CCOCC3)CC2)ccc1Nc1ncc2c(n1)-c1c(nn(C)c1-c1ccccc1)CC2
CHEMBL3786567,CC1(C)CC[C@@H](COc2cccc(-c3cn([C@H]4C[C@@H](CN5CCC5)C4)c4ncnc(N)c34)c2)O1
CHEMBL3037921,CCOc1cc(-c2ccccc2)nc2c(F)c(-c3nc([C@H]4C[C@@H](N5CCN(C)CC5)C4)n4ccnc(N)c34)ccc12
CHEMBL3656536,COc1ccc(Cc2c3c(nn2C)CCc2cnc(Nc4ccc(OCCN5CCCC5)cc4OC)nc2-3)cc1
CHEMBL3824323,Cc1nn(C2CCN(CCO)CC2)c(C)c1Nc1ncc(Cl)c(-c2cnn3ccccc23)n1
CHEMBL3037920,COc1cc(-c2ccccc2)nc2c(F)c(-c3nc([C@H]4C[C@@H](N5CCN(C)CC5)C4)n4ccnc(N)c34)ccc12
CHEMBL3822943,CCOc1nn(C2CCN(C(C)=O)CC2)cc1Nc1ncc(Cl)c(-c2cnn3ccccc23)n1
CHEMBL3656711,COCCn1ccc(Nc2ncc3c(n2)-c2c(nn(C)c2-c2ccc(F)cc2)CC3)n1
CHEMBL1809194,COc1cc(N2CCN(C(C)=O)CC2)ccc1Nc1ncc(Br)c(-c2cnc3ccccn23)n1
CHEMBL3656710,Cc1cccc(-c2c3c(nn2C)CCc2cnc(Nc4ccn(CCN(C)C)n4)nc2-3)c1
CHEMBL3652845,COc1cc(C(=O)NC2CCN(C)CC2)ccc1Nc1ncc2c(n1)-c1c(nn(C)c1C1CCCCC1)CC2
CHEMBL3660989,COc1cc(C(=O)N[C@H]2CC[C@H](N3CCOCC3)CC2)ccc1Nc1ncc2c(n1)-c1c(nn(C)c1-c1ccccc1)CC2
CHEMBL3823095,Cc1nn(C2CCN(CC(=O)N(C)C)CC2)c(C)c1Nc1ncc(Cl)c(-c2cnn3ccccc23)n1
CHEMBL3787636,CC(=O)N1CCN([C@H]2C[C@@H](n3cc(-c4cccc(OCC56CCC(CC5)O6)c4)c4c(N)ncnc43)C2)CC1
CHEMBL2443026,CN(C)c1ccc(Oc2cc(O)cc(O)c2-c2cc(C(=O)NC3CCN(C4CCC5(CC4)OCCO5)CC3)no2)cc1
CHEMBL3656716,CN(C)CCn1ccc(Nc2ncc3c(n2)-c2c(nn(C)c2Cc2cccc(C(F)(F)F)c2)CC3)n1
CHEMBL3660987,Cc1ccccc1-c1c2c(nn1C)CCc1cnc(Nc3ccc(C(=O)NC4CCN(CCO)CC4)cc3Cl)nc1-2
CHEMBL3823297,COc1cc(N2CCN(C(C)=O)CC2)ccc1Nc1ncc(Cl)c(-c2cnn3ccccc23)n1
CHEMBL3656717,CN(C)CCn1ccc(Nc2ncc3c(n2)-c2c(nn(C)c2Cc2ccc4ccccc4c2)CC3)n1
CHEMBL3656712,CCn1ccc(Nc2ncc3c(n2)-c2c(nn(C)c2Cc2ccccc2OC)CC3)n1
CHEMBL3656713,COCCn1ccc(Nc2ncc3c(n2)-c2c(nn(C)c2-c2ccc(OC)cc2)CC3)n1
CHEMBL3660986,COCCN1CCC(NC(=O)c2ccc(Nc3ncc4c(n3)-c3c(nn(C)c3-c3ccccc3C)CC4)c(Cl)c2)CC1
CHEMBL2443044,CN1CCC(NC(=O)c2cc(-c3c(O)cc(O)cc3Oc3ccc([N+](=O)[O-])cc3)on2)CC1
CHEMBL3656715,Cc1cccc(Cc2c3c(nn2C)CCc2cnc(Nc4ccn(C)n4)nc2-3)c1
CHEMBL3660970,COc1cc(C(=O)N[C@H]2CC[C@H](N3CCN(CC4CC4)CC3)CC2)ccc1Nc1ncc2c(n1)-c1c(nn(C)c1-c1ccccc1C)CC2
CHEMBL2443138,CN1CCC(NC(=O)c2cc(-c3c(O)cc(O)cc3Oc3ccc(N(C)C)cc3)on2)CC1
CHEMBL3660896,COCCNC(=O)c1ccc(Nc2ncc3c(n2)-c2c(nn(C)c2-c2ccccc2)CC3)c(OC)c1
CHEMBL2443139,CC(C)Nc1ccc(Oc2cc(O)cc(O)c2-c2cc(C(=O)NC3CCN(C)CC3)no2)cc1
CHEMBL3037914,CC(C)Oc1cc(-c2ccccc2)nc2c(F)c(-c3nc([C@H]4C[C@@](C)(O)C4)n4ccnc(N)c34)ccc12
CHEMBL3656714,COc1ccc(-c2c3c(nn2C)CCc2cnc(Nc4ccn(CC(=O)N(C)C)n4)nc2-3)cc1
CHEMBL3409721,c1c(Nc2nc(N3CCCCCC3)nc3c2CCC3)n[nH]c1C1CC1
CHEMBL4096340,CC(C)(Oc1cccc(-c2cn([C@H]3C[C@@H](CN4CCC4)C3)c3ncnc(N)c23)c1)[C@@H]1CCCO1
CHEMBL3037910,CC(C)Oc1cc(-c2ccccc2)nc2cc(-c3nc([C@H]4C[C@@](C)(O)C4)n4ccnc(N)c34)ccc12
CHEMBL3822947,Cc1nn(C2CCN(C(=O)[C@H](C)O)CC2)c(C)c1Nc1ncc(Cl)c(-c2cnn3ccccc23)n1
CHEMBL3656570,CCn1nccc1Nc1ncc2c(n1)-c1c(nn(C)c1-c1ccccc1Cl)CC2
CHEMBL3652844,COc1cc(C(=O)NC2CCN(C)CC2)ccc1Nc1ncc2c(n1)-c1c(nn(C)c1C1CCCC1)CC2
CHEMBL3656554,COc1cc(N2CCN(C)CC2)ccc1Nc1ncc2c(n1)-c1c(nn(C)c1-c1cc(C)ccc1Cl)CC2
CHEMBL3787567,Nc1ncnc2c1c(-c1cccc(OCC34CCC(CC3)O4)c1)cn2[C@H]1C[C@@H](CO)C1
CHEMBL3660985,Cc1ccccc1-c1c2c(nn1C)CCc1cnc(Nc3ccc(C(=O)NC4CCN(C5CCOCC5)CC4)cc3Cl)nc1-2
CHEMBL3660906,COc1cc(C(=O)N[C@H]2CC[C@H](N3CCN(CC4CC4)CC3)CC2)ccc1Nc1ncc2c(n1)-c1c(nn(C)c1-c1ccccc1)CC2
CHEMBL3652857,Cn1nccc1Nc1ncc2c(n1)-c1c(nn(C)c1Cc1ccccc1)CC2
CHEMBL3656595,COc1cc(C(=O)NC2CCN(C)CC2)ccc1Nc1ncc2c(n1)-c1c(nn(C)c1CC1CC1)CC2
CHEMBL3652852,COc1cc(OCCN2CCCC2)ccc1Nc1ncc2c(n1)-c1c(nn(C)c1C(C)c1ccccc1)CC2
CHEMBL3660948,COCCN1CCC(NC(=O)c2cc(OC)c(Nc3ncc4c(n3)-c3c(nn(C)c3C(C)C)CC4)cc2C)CC1
CHEMBL3656539,COc1ccc(Cc2c3c(nn2C)CCc2cnc(Nc4ccc(C(=O)NC5CCN(C)CC5)cc4OC)nc2-3)cc1
CHEMBL3656567,COc1cc(N2CCN(C)CC2)ccc1Nc1ncc2c(n1)-c1c(nn(C)c1-c1occc1C)CC2
CHEMBL3656718,COCCn1cc(Nc2ncc3c(n2)-c2c(nn(C)c2Cc2ccccc2OC)CC3)cn1
CHEMBL3822651,COCC(=O)N1CCC(n2nc(C)c(Nc3ncc(Cl)c(-c4cnn5ccccc45)n3)c2C)CC1
CHEMBL3656720,COc1cccc(Cc2c3c(nn2C)CCc2cnc(Nc4cc(C)n(C)n4)nc2-3)c1
CHEMBL3656577,Cc1ccccc1-c1c2c(nn1C)CCc1cnc(Nc3ccnn3C)nc1-2
CHEMBL3823962,CNC(=O)CN1CCC(n2nc(C)c(Nc3ncc(Cl)c(-c4cnn5ccccc45)n3)c2C)CC1
CHEMBL3656721,Cn1ccc(Nc2ncc3c(n2)-c2c(nn(C)c2Cc2cccc(Cl)c2)CC3)n1
CHEMBL3822587,Cc1nn(C2CCN(C(=O)CO)CC2)c(C)c1Nc1ncc(Cl)c(-c2cnn3ccccc23)n1
CHEMBL3652821,COc1ccccc1Nc1ncc2c(n1)-c1c(nn(C)c1-c1ccccc1Cl)CC2
CHEMBL3787614,Nc1ncnc2c1c(-c1cccc(OC[C@@H]3CCCO3)c1)cn2[C@H]1C[C@@H](CN2CCC2)C1
CHEMBL3785995,Nc1ncnc2c1c(-c1ccc(F)c(OCC34CCC(CC3)O4)c1)cn2[C@H]1C[C@@H](CN2CC[S+]([O-])CC2)C1
CHEMBL3785951,CC(=O)N1CCN([C@H]2C[C@@H](n3cc(-c4cc(OC[C@@H]5CCCO5)ccc4F)c4c(N)ncnc43)C2)CC1
CHEMBL3661016,Cc1ccccc1-c1c2c(nn1C)CCc1cnc(Nc3ccc(OCC(C)(C)CN(C)C)cc3Cl)nc1-2
CHEMBL3660973,COCCNC(=O)c1ccc(Nc2ncc3c(n2)-c2c(nn(C)c2-c2ccccc2C)CC3)c(OC)c1
CHEMBL3656719,COc1cccc(-c2c3c(nn2C)CCc2cnc(Nc4cnn(C5CCN(C(C)=O)CC5)c4)nc2-3)c1
CHEMBL1257998,CN1CCN([C@H]2CC[C@H](n3nc(-c4ccc(Nc5nc6cccc(Cl)c6o5)cc4)c4c(N)ncnc43)CC2)CC1
CHEMBL3823235,COc1cc(N2CCN(CCO)CC2)ccc1Nc1ncc(Cl)c(Nc2ccccc2P(C)(C)=O)n1
CHEMBL3656629,COc1cc(C(=O)NC2CCN(C)CC2)ccc1Nc1ncc2c(n1)-c1c(nn(C)c1C1CCC1)CC2
CHEMBL3656724,CC1Cc2nn(C)c(-c3ccccc3)c2-c2nc(Nc3ccn(CC(=O)N(C)C)n3)ncc21
CHEMBL3660900,CCOc1cc(C(=O)NC2CCN(C)CC2)ccc1Nc1ncc2c(n1)-c1c(nn(C)c1-c1ccccc1)CC2
CHEMBL3656722,COc1ccccc1Cc1c2c(nn1C)CCc1cnc(Nc3cnn(CCN(C)C)c3)nc1-2
CHEMBL1809225,COc1cc(N2CCN(C(C)=O)CC2)ccc1Nc1ncc(Cl)c(-c2cnc3ccc(C)cn23)n1
CHEMBL3656564,COc1ccccc1Nc1ncc2c(n1)-c1c(nn(C)c1-c1ccccc1Cl)CC2C
CHEMBL3652814,COC(=O)c1cc2cccc(Nc3ncc4c(n3)-c3c(nn(C)c3Cc3ccccc3)CC4)c2o1
CHEMBL3661017,Cc1ccccc1-c1c2c(nn1C)CCc1cnc(Nc3ccc(OCCCN(C)C)cc3Cl)nc1-2
CHEMBL3656565,COc1cc(OCCN2CCCC2)ccc1Nc1ncc2c(n1)-c1c(nn(C)c1-c1occc1C)CC2
CHEMBL3660984,Cc1ccccc1-c1c2c(nn1C)CCc1cnc(Nc3ccc(C(=O)NC4CCN(C5CC5)CC4)cc3Cl)nc1-2
CHEMBL3656723,CN(C)CCn1cc(Nc2ncc3c(n2)-c2c(nn(C)c2Cc2cccc(F)c2)CC3)cn1
CHEMBL3656618,Cn1nc2c(c1-c1ccc(F)cc1Cl)-c1nc(Nc3ccccc3)ncc1CC2
CHEMBL1760034,COc1cc(Nc2ncnc(Nc3ccc4ccccc4c3)n2)cc(OC)c1OC
CHEMBL3656613,Cc1cccc(-c2c3c(nn2C)CCc2cnc(Nc4ccccc4)nc2-3)c1Cl
CHEMBL1809224,COc1cc(N2CCN(C(C)=O)CC2)ccc1Nc1ncc(Cl)c(-c2cnc3ccc(F)cn23)n1
CHEMBL3655760,C[C@@]1(C(=O)Nc2ccc(F)nc2)CCCN1c1nc(Nc2ncc(C(N)=O)s2)c2cccn2n1
CHEMBL3787436,Nc1ncnc2c1c(-c1cc(OC[C@@H]3CCCO3)ccc1F)cn2[C@H]1C[C@@H](CN2CC[S+]([O-])CC2)C1
CHEMBL3652813,COC(=O)c1cc2cccc(Nc3ncc4c(n3)-c3c(nn(C)c3Cc3ccccc3)CC4)c2s1
CHEMBL3661014,CCOc1cc(N2CCN(S(C)(=O)=O)CC2)ccc1Nc1ncc2c(n1)-c1c(nn(C)c1Cc1ccccc1)CC2
CHEMBL563292,NCc1ccc(-c2cnc3[nH]cc(-c4cccc(NC(=O)Nc5ccccc5Oc5ccccc5)c4)c3c2)cc1
CHEMBL3785500,Nc1ncnc2c1c(-c1cccc(OCC34CCC(CC3)O4)c1)cn2[C@H]1C[C@@H](CN2CCC2)C1
CHEMBL3656725,CCn1ccc(Nc2ncc3c(n2)-c2c(nn(C)c2-c2ccccc2)CC3)n1
CHEMBL1688363,CN1CCN([C@H]2C[C@@H](c3nc(-c4ccc5ccc(-c6ccccc6)nc5c4F)c4c(N)ncnn43)C2)CC1
CHEMBL3824296,Cc1nn(C2CCNCC2)c(C)c1Nc1ncc(Cl)c(-c2cnn3ccccc23)n1
CHEMBL3822543,Cc1c(Nc2ncc(Cl)c(-c3cnc4ccccn34)n2)cnn1C1CCNCC1
CHEMBL3656726,Cn1ccc(Nc2ncc3c(n2)-c2c(nn(C)c2-c2ccc(F)cc2)CC3)n1
CHEMBL3823030,Cc1nn(C2CCN(C(=O)[C@@H](C)O)CC2)c(C)c1Nc1ncc(Cl)c(-c2cnn3ccccc23)n1
CHEMBL1667950,Cn1c(NC(=O)[C@H]2CC[C@H](c3nc(-c4ccc5ccc(-c6ccccc6)nc5c4F)c4c(N)nccn43)CC2)nc2ccccc21
CHEMBL3656728,Cn1ccc(Nc2ncc3c(n2)-c2c(nn(C)c2-c2ccc(Cl)cc2)CC3)n1
CHEMBL3656729,Cn1cc(Nc2ncc3c(n2)-c2c(nn(C)c2Cc2cccc(Cl)c2)CC3)cn1
CHEMBL3652817,Cn1nc2c(c1-c1ccccc1)-c1nc(Nc3ccccc3)ncc1CC2
CHEMBL3786167,CC(=O)N1CCN([C@H]2C[C@@H](n3cc(-c4cccc(OC[C@@H]5CCCO5)c4F)c4c(N)ncnc43)C2)CC1
CHEMBL3656552,COc1cc(OCCN2CCCC2)ccc1Nc1ncc2c(n1)-c1c(nn(C)c1-c1cc(C)ccc1Cl)CC2
CHEMBL3656727,CC(C)c1c2c(nn1C)CC(C)c1cnc(Nc3ccccc3)nc1-2
CHEMBL3656610,COc1ccc(-c2c3c(nn2C)CCc2cnc(Nc4ccccc4OC)nc2-3)c(Cl)c1
CHEMBL3660965,CNC(=O)c1ccc(Nc2ncc3c(n2)-c2c(nn(C)c2-c2ccccc2)CC3)c(OC)c1
CHEMBL3656622,COc1cc(C(=O)NC2CCN(C)CC2)ccc1Nc1ncc2c(n1)-c1c(nn(C)c1-c1ccccc1)CC2
CHEMBL450071,COc1cc(N2CCN(C(C)C)CC2)ccc1Nc1nc(Nc2ccc(F)cc2C(=O)NC[C@@H](O)CO)c2cc[nH]c2n1
CHEMBL3655738,C[C@@]1(C(=O)Nc2ncc(Cl)s2)CCCN1c1nc(Nc2cc(C3CC3)n[nH]2)c2cccn2n1
CHEMBL3656731,CN(C)C(=O)Cn1cc(Nc2ncc3c(n2)-c2c(nn(C)c2Cc2ccccc2)CC3)cn1
CHEMBL3656730,Cc1cc(Nc2ncc3c(n2)-c2c(nn(C)c2Cc2ccccc2Cl)CC3)nn1C
CHEMBL3037916,COc1cc(-c2ccccc2)nc2cc(-c3nc([C@H]4C[C@@H](N5CCN(C)CC5)C4)n4ccnc(N)c34)ccc12
CHEMBL261253,Nc1nccn2c1c(-c1ccc3ccc(-c4ccccc4)nc3c1)nc2[C@H]1C[C@H](CN2CCOCC2)C1
CHEMBL3656568,COc1cc(C(=O)NC2CCN(C)CC2)ccc1Nc1ncc2c(n1)-c1c(nn(C)c1-c1occc1C)CC2
CHEMBL1809044,COc1cc(N2CCN(C(C)=O)CC2)ccc1Nc1ncc(Cl)c(-c2cnc3ccccn23)n1
CHEMBL3656733,COCCn1ccc(Nc2ncc3c(n2)-c2c(nn(C)c2Cc2cccc(C(F)(F)F)c2)CC3)n1
CHEMBL3660898,CCOc1cc(C(=O)NC2CN(C)C2)ccc1Nc1ncc2c(n1)-c1c(nn(C)c1-c1ccccc1)CC2
CHEMBL3660897,CCOc1cc(C(=O)N[C@H]2CC[C@H](N3CCOCC3)CC2)ccc1Nc1ncc2c(n1)-c1c(nn(C)c1-c1ccccc1)CC2
CHEMBL1667935,C[C@]1(O)C[C@@H](c2nc(-c3ccc4ccc(-c5ccccc5)nc4c3F)c3c(N)ncnn32)C1
CHEMBL3656573,Cn1nc(C2CC2)cc1Nc1ncc2c(n1)-c1c(nn(C)c1-c1ccccc1Cl)CC2
CHEMBL3656732,CCn1ccc(Nc2ncc3c(n2)-c2c(nn(C)c2-c2cccc(C)c2)CC3)n1
CHEMBL3823549,COc1cc(OCCCN2CCCC2)ccc1Nc1ncc(Cl)c(Nc2ccccc2P(C)(C)=O)n1
CHEMBL258648,Nc1nccn2c1c(-c1ccc3ccc(-c4ccccc4)nc3c1)nc2[C@H]1C[C@@H](N2CCOCC2)C1
CHEMBL1097358,Cc1cc(N2CCN(C)CC2)cc2[nH]c(-c3c(NC[C@@H](O)c4cccc(Cl)c4)cc[nH]c3=O)nc12
CHEMBL460997,COCCN1CCC(c2cc(C)c3nc(-c4c(NCCn5cc(Cl)cn5)cc[nH]c4=O)[nH]c3c2)CC1
CHEMBL468671,COCCN1CCC(c2cc(C)c3nc(-c4c(NC[C@@H](O)c5cccc(Cl)c5)cc[nH]c4=O)[nH]c3c2)CC1
CHEMBL411074,Nc1nccn2c1c(-c1ccc3ccc(-c4ccccc4)nc3c1)nc2[C@H]1C[C@@H](CN2CCOCC2)C1
CHEMBL1760049,COc1ccc(Nc2nccc(Nc3cnc4ccccc4c3)n2)cc1OC
CHEMBL3656736,CN(C)C(=O)Cn1ccc(Nc2ncc3c(n2)-c2c(nn(C)c2Cc2ccccc2Cl)CC3)n1
CHEMBL3656735,COc1cccc(-c2c3c(nn2C)CCc2cnc(Nc4ccn(CCN(C)C)n4)nc2-3)c1
CHEMBL3656737,CC(=O)N1CCC(n2cc(Nc3ncc4c(n3)-c3c(nn(C)c3Cc3c(Cl)cccc3Cl)CC4)cn2)CC1
CHEMBL3656734,COCCn1ccc(Nc2ncc3c(n2)-c2c(nn(C)c2-c2ccccc2)C[C@@H]3C)n1
